%YAML:1.0
---
model_type: KANNALA_BRANDT
camera_name: kannala-brandt
image_width: 752
image_height: 480
projection_parameters:
   mu: 369.3661172647709
   mv: 368.07958788943205
   u0: 360.402692473294
   v0: 226.6780057471027
   k2: -0.017232565036405353
   k3: -0.024468284629331233
   k4: 0.02941092723626717
   k5: -0.014069406171482397

